date,open,high,low,close,volume,amount,pct
2024-09-06,8.4,8.8,8.19,8.42,23656570.0,199957157.93,0.0
2024-09-09,8.21,8.51,8.15,8.32,14372280.0,119253993.3,-1.19
2024-09-10,8.3,8.31,7.88,8.06,11320364.0,92119462.05,-3.12
2024-09-11,8.03,8.03,7.73,7.77,8447469.0,66650530.41,-3.6
2024-09-12,8.03,8.07,7.76,7.78,7533372.0,59588972.52,0.13
2024-09-13,7.75,7.87,7.63,7.63,6250854.0,48256592.88,-1.93
2024-09-18,7.63,7.88,7.4,7.7,8206121.0,62797340.95,0.92
2024-09-19,7.68,8.0,7.63,7.94,8529244.0,66634718.75,3.12
2024-09-20,7.92,7.92,7.75,7.79,5297639.0,41559977.96,-1.89
2024-09-23,7.76,7.82,7.7,7.82,3393200.0,26382130.0,0.39
2024-09-24,7.89,8.17,7.86,8.16,8571680.0,68744873.6,4.35
2024-09-25,8.22,8.5,8.2,8.29,9102379.0,75572501.65,1.59
2024-09-26,8.26,8.67,8.26,8.66,8266064.0,69951566.6,4.46
2024-09-27,8.76,9.02,8.65,8.86,6728837.0,59365164.43,2.31
2024-09-30,9.15,9.69,8.91,9.64,15126968.0,141399333.38,8.8
2024-10-08,10.57,10.6,9.47,9.9,19226962.0,194865259.87,2.7
2024-10-09,9.71,9.71,8.91,8.91,12522719.0,116586513.89,-10.0
2024-10-10,8.95,9.32,8.78,9.1,10485274.0,94760663.77,2.13
2024-10-11,9.09,9.21,8.85,8.89,5687917.0,51248132.17,-2.31
2024-10-14,8.94,9.1,8.65,9.1,7510450.0,67199751.38,2.36
2024-10-15,9.01,9.07,8.87,8.91,4866049.0,43624129.28,-2.09
2024-10-16,8.8,8.95,8.67,8.76,4732593.0,41623155.44,-1.68
2024-10-17,8.83,8.87,8.64,8.65,4842926.0,42363495.19,-1.26
2024-10-18,8.66,8.87,8.56,8.75,5034153.0,43847472.63,1.16
2024-10-21,8.74,8.77,8.53,8.7,6274157.0,54491053.54,-0.57
2024-10-22,8.63,8.99,8.63,8.99,6262920.0,55176325.2,3.33
2024-10-23,8.99,9.05,8.87,8.9,4723204.0,42284483.81,-1.0
2024-10-24,8.91,9.06,8.82,8.91,4208869.0,37564155.83,0.11
2024-10-25,8.91,9.35,8.88,9.21,8543582.0,77639801.42,3.37
2024-10-28,9.17,9.84,9.15,9.75,10976430.0,104029115.33,5.86
2024-10-29,9.75,10.73,9.68,10.73,19124328.0,195498442.98,10.05
2024-10-30,11.0,11.79,10.73,11.33,45033465.0,504937726.31,5.59
2024-10-31,11.07,11.28,10.75,11.05,21147592.0,233416546.7,-2.47
2024-11-01,10.9,11.44,10.48,10.99,17622111.0,193006170.73,-0.54
2024-11-04,10.92,11.05,10.52,10.57,11776023.0,126768887.6,-3.82
2024-11-05,10.5,11.4,10.5,11.1,14225155.0,154698560.62,5.01
2024-11-06,11.11,11.3,10.85,11.04,7851455.0,86954864.13,-0.54
2024-11-07,10.98,11.9,10.92,11.88,18019826.0,205786412.92,7.61
2024-11-08,12.0,12.03,11.5,11.68,10525396.0,124225986.29,-1.68
2024-11-11,11.51,11.51,11.19,11.35,7756222.0,88343368.58,-2.83
2024-11-12,11.36,11.74,11.25,11.41,7163679.0,81952487.76,0.53
2024-11-13,11.34,11.46,10.8,10.88,8885691.0,98808883.92,-4.65
2024-11-14,10.85,10.9,10.57,10.63,4133314.0,44381459.08,-2.3
2024-11-15,10.55,10.59,10.1,10.17,5789020.0,59930829.55,-4.33
2024-11-18,10.21,10.42,9.94,10.05,5711602.0,58001318.31,-1.18
2024-11-19,9.98,10.17,9.75,10.03,7960715.0,79467837.49,-0.2
2024-11-20,10.02,10.25,9.92,10.18,4899368.0,49446871.54,1.5
2024-11-21,10.18,10.21,9.8,10.05,6257537.0,62950822.22,-1.28
2024-11-22,10.02,10.06,9.5,9.5,6788604.0,66324661.08,-5.47
2024-11-25,9.49,9.67,9.46,9.65,4150220.0,39707229.85,1.58
2024-11-26,9.45,9.92,9.45,9.75,4338860.0,41837457.55,1.04
2024-11-27,9.73,10.19,9.49,10.1,8992737.0,88825759.72,3.59
2024-11-28,10.06,10.45,9.98,10.3,7671844.0,78233629.19,1.98
2024-11-29,10.3,10.76,10.3,10.69,10304549.0,108326571.36,3.79
2024-12-02,10.7,11.15,10.7,11.01,12255204.0,133459171.56,2.99
2024-12-03,10.89,11.07,10.69,10.77,11144631.0,120974969.51,-2.18
2024-12-04,10.74,11.85,10.62,11.46,21503756.0,240143195.13,6.41
2024-12-05,11.03,11.19,10.8,10.98,17203870.0,189242570.0,-4.19
2024-12-06,10.98,11.01,10.64,10.87,9345489.0,101632192.88,-1.0
2024-12-09,10.87,11.83,10.75,11.27,19760805.0,220925799.9,3.68
2024-12-10,11.93,12.4,11.8,12.4,8726876.0,105878823.07,10.03
2024-12-11,12.73,13.6,12.5,13.22,31799415.0,413789887.69,6.61
2024-12-12,12.93,14.54,12.5,14.05,40064778.0,541074826.89,6.28
2024-12-13,13.62,13.64,12.65,12.72,36129819.0,475378093.49,-9.47
2024-12-16,12.63,13.49,12.5,12.91,25182090.0,324408274.43,1.49
2024-12-17,12.76,12.8,12.01,12.17,20883416.0,259685277.96,-5.73
2024-12-18,12.1,12.2,11.83,11.96,11746159.0,141218196.58,-1.73
2024-12-19,11.88,11.97,11.49,11.68,9539911.0,112141653.81,-2.34
2024-12-20,11.68,11.97,11.63,11.7,8568200.0,100633509.0,0.17
2024-12-23,11.68,11.7,10.78,10.81,14976620.0,168374650.35,-7.61
2024-12-24,10.81,11.02,10.71,10.87,8050490.0,87367942.73,0.56
2024-12-25,10.82,10.89,10.3,10.65,11655819.0,124309309.63,-2.02
2024-12-26,10.67,11.0,10.64,10.95,10186782.0,110170047.33,2.82
2024-12-27,10.95,11.58,10.85,11.3,18071082.0,201853985.94,3.2
2024-12-30,11.3,11.86,11.15,11.43,15552558.0,177843500.73,1.15
2024-12-31,11.27,11.89,11.27,11.39,17974251.0,205895045.2,-0.35
2025-01-02,11.27,12.3,11.27,12.3,28944264.0,341108151.24,7.99
2025-01-03,12.06,12.06,11.07,11.07,21999450.0,254423639.25,-10.0
2025-01-06,10.66,10.99,10.16,10.39,19367198.0,204323938.9,-6.14
2025-01-07,10.37,10.44,9.99,10.26,12450350.0,127802842.75,-1.25
2025-01-08,10.24,10.56,10.1,10.56,10457950.0,108396651.75,2.92
2025-01-09,10.4,10.65,10.26,10.37,7782800.0,81096776.0,-1.8
2025-01-10,10.3,10.38,9.63,9.66,10392885.0,103850903.36,-6.85
2025-01-13,9.53,9.99,9.27,9.99,8628133.0,83649749.44,3.42
2025-01-14,9.96,10.4,9.9,10.37,7700673.0,78219586.0,3.8
2025-01-15,10.38,10.51,10.27,10.33,5748940.0,59630880.15,-0.39
2025-01-16,10.33,10.76,10.29,10.49,7972395.0,83451044.66,1.55
2025-01-17,10.46,10.46,10.15,10.32,4655700.0,48174855.75,-1.62
2025-01-20,10.38,10.56,10.17,10.39,4637590.0,48114996.25,0.68
2025-01-21,10.51,10.53,10.26,10.39,4427788.0,46148620.43,0.0
2025-01-22,10.41,10.41,10.02,10.04,5192800.0,53070416.0,-3.37
2025-01-23,10.27,10.33,10.04,10.04,4617090.0,46955805.3,0.0
2025-01-24,10.0,10.12,9.91,10.09,3982000.0,39939460.0,0.5
2025-01-27,10.09,10.23,9.92,10.02,4684095.0,47145416.17,-0.69
2025-02-05,10.06,10.08,9.74,9.8,4714184.0,46764705.28,-2.2
2025-02-06,9.82,9.85,9.6,9.85,4605190.0,45038758.2,0.51
2025-02-07,9.82,9.98,9.71,9.84,7065800.0,69509807.5,-0.1
2025-02-10,9.89,10.66,9.85,10.57,13909600.0,142469078.0,7.42
2025-02-11,10.62,10.67,10.28,10.58,10587399.0,111564716.96,0.09
2025-02-12,10.63,10.79,10.44,10.77,8274300.0,88183352.25,1.8
2025-02-13,10.76,10.82,10.58,10.61,6293246.0,67290532.85,-1.49
2025-02-14,10.55,10.68,10.4,10.49,4709044.0,49586233.32,-1.13
2025-02-17,10.47,10.58,10.25,10.48,5669255.0,59215368.48,-0.1
2025-02-18,10.44,10.45,9.83,9.87,7707644.0,78213317.49,-5.82
2025-02-19,9.85,10.06,9.75,10.04,5592839.0,55508927.08,1.72
2025-02-20,10.04,10.24,9.97,10.19,4473590.0,45227994.9,1.49
2025-02-21,10.21,10.22,9.89,10.0,5485118.0,55289989.44,-1.86
2025-02-24,9.99,10.14,9.95,10.05,4601308.0,46162622.51,0.5
2025-02-25,9.98,10.19,9.92,9.98,4560290.0,45682705.08,-0.7
2025-02-26,9.97,10.17,9.95,10.14,4252195.0,42766451.21,1.6
2025-02-27,10.12,10.45,10.11,10.41,10245500.0,105246898.75,2.66
2025-02-28,10.41,10.46,10.04,10.06,6715700.0,68785557.25,-3.36
2025-03-03,10.15,10.27,9.97,10.03,5444400.0,55015662.0,-0.3
2025-03-04,9.98,10.07,9.92,10.05,3139394.0,31409636.97,0.2
2025-03-05,10.01,10.04,9.82,9.98,4803250.0,47852378.12,-0.7
2025-03-06,9.96,10.14,9.9,10.1,4141166.0,41515189.15,1.2
2025-03-07,10.06,10.14,9.95,10.0,3576194.0,35896047.28,-0.99
2025-03-10,9.96,10.1,9.94,10.03,3064327.0,30666252.45,0.3
2025-03-11,9.92,10.14,9.88,10.14,3770627.0,37781682.54,1.1
2025-03-12,10.15,10.26,10.06,10.06,3196783.0,32391403.75,-0.79
2025-03-13,10.02,10.08,9.87,9.98,3454669.0,34503506.64,-0.8
2025-03-14,10.02,10.4,10.02,10.4,8360328.0,85358948.88,4.21
2025-03-17,10.6,10.72,10.39,10.42,8403455.0,88509389.79,0.19
2025-03-18,10.38,10.53,10.25,10.35,6028195.0,62557593.61,-0.67
2025-03-19,10.36,10.39,10.2,10.24,4790330.0,49328423.17,-1.06
2025-03-20,10.25,10.28,10.1,10.14,3669826.0,37404701.51,-0.98
2025-03-21,10.06,10.16,9.92,9.97,4685900.0,46987862.25,-1.68
2025-03-24,10.01,10.11,9.81,10.06,6612020.0,66103669.95,0.9
2025-03-25,10.1,10.13,9.94,10.1,4026600.0,40537795.5,0.4
2025-03-26,10.06,10.16,10.01,10.13,2882300.0,29082407.0,0.3
2025-03-27,10.12,10.2,10.0,10.14,3388700.0,34276700.5,0.1
2025-03-28,10.05,10.14,9.93,9.97,3580500.0,35885561.25,-1.68
2025-03-31,9.91,9.97,9.77,9.79,5020372.0,49500867.92,-1.81
2025-04-01,9.78,9.95,9.75,9.94,3267300.0,32199241.5,1.53
2025-04-02,9.91,10.0,9.86,9.99,2716900.0,27005986.0,0.5
2025-04-03,9.91,10.32,9.87,10.28,6999569.0,70660649.05,2.9
2025-04-07,10.12,10.12,9.25,9.25,9675560.0,93707798.6,-10.02
2025-04-08,9.25,10.18,9.22,10.18,14031737.0,136213086.93,10.05
2025-04-09,10.25,10.93,9.79,10.67,21438441.0,223174170.81,4.81
2025-04-10,10.66,11.15,10.39,10.88,22782272.0,245365069.44,1.97
2025-04-11,10.73,11.22,10.72,10.97,17435045.0,190216340.95,0.83
2025-04-14,10.95,11.6,10.85,11.42,21496200.0,240864921.0,4.1
2025-04-15,11.42,11.6,11.0,11.11,17056079.0,192435211.32,-2.71
2025-04-16,11.0,11.18,10.78,10.94,12972585.0,142374120.38,-1.53
2025-04-17,10.87,11.21,10.8,11.07,10656380.0,117086975.25,1.19
2025-04-18,10.97,11.15,10.81,10.99,7334525.0,80533084.5,-0.72
2025-04-21,10.85,11.49,10.85,11.37,11894125.0,132500552.5,3.46
2025-04-22,11.21,11.73,11.09,11.56,16598295.0,189179067.26,1.67
2025-04-23,11.49,12.6,10.98,12.16,27866696.0,329036013.02,5.19
2025-04-24,11.73,12.0,11.3,11.38,18325959.0,212626939.3,-6.41
2025-04-25,11.38,11.55,11.12,11.4,11955200.0,135840960.0,0.18
2025-04-28,11.37,11.39,10.68,10.71,12637082.0,139481792.57,-6.05
2025-04-29,10.69,11.26,10.53,10.92,12385400.0,134381590.0,1.96
2025-04-30,10.67,10.98,10.5,10.56,8893916.0,94964788.09,-3.3
2025-05-06,10.56,10.79,10.55,10.77,6471207.0,69031600.67,1.99
2025-05-07,10.8,11.05,10.7,10.85,5999159.0,65090875.15,0.74
2025-05-08,10.8,11.0,10.66,10.92,9430633.0,102275214.88,0.65
2025-05-09,10.92,10.93,10.68,10.76,4741047.0,51309981.16,-1.47
2025-05-12,10.79,10.87,10.61,10.68,5372100.0,57682923.75,-0.74
2025-05-13,10.75,10.84,10.54,10.61,6810932.0,72774808.42,-0.66
2025-05-14,10.67,10.92,10.46,10.86,9376800.0,100589622.0,2.36
2025-05-15,10.76,10.93,10.75,10.87,6318800.0,68416807.0,0.09
2025-05-16,10.92,11.21,10.72,11.08,8765150.0,96263259.88,1.93
2025-05-19,11.03,11.27,10.98,11.26,7526766.0,83810539.41,1.62
2025-05-20,11.2,11.45,11.09,11.22,9391503.0,105560493.72,-0.36
2025-05-21,11.19,11.32,10.9,11.08,6719783.0,74740786.42,-1.25
2025-05-22,10.96,11.13,10.75,10.76,4870000.0,53083000.0,-2.89
2025-05-23,10.77,10.83,10.54,10.58,4065300.0,43417404.0,-1.67
2025-05-26,10.57,10.66,10.48,10.63,3145760.0,33297869.6,0.47
2025-05-27,10.62,10.76,10.6,10.73,4146997.0,44279560.47,0.94
2025-05-28,10.73,11.1,10.63,10.97,7006032.0,76067992.44,2.24
2025-05-29,10.9,11.0,10.68,10.89,5967600.0,64852893.0,-0.73
2025-05-30,10.82,10.96,10.69,10.72,3392800.0,36633758.0,-1.56
2025-06-03,10.64,10.96,10.64,10.93,3710000.0,40040175.0,1.96
2025-06-04,10.93,11.04,10.86,11.02,3650152.0,40014791.3,0.82
2025-06-05,11.02,11.08,10.86,10.9,4074475.0,44676618.38,-1.09
2025-06-06,10.9,10.92,10.74,10.89,3267490.0,35493110.12,-0.09
2025-06-09,10.92,10.99,10.79,10.86,4662618.0,50775910.02,-0.28
2025-06-10,10.77,10.84,10.39,10.49,8123730.0,86294321.92,-3.41
2025-06-11,10.5,10.65,10.47,10.58,3520710.0,37143490.5,0.86
2025-06-12,10.52,10.57,10.39,10.44,4981200.0,52202976.0,-1.32
2025-06-13,10.41,10.44,10.15,10.23,6263990.0,64566076.92,-2.01
2025-06-16,10.2,10.33,10.15,10.25,3653635.0,37385820.14,0.2
2025-06-17,10.22,10.3,10.15,10.2,3483451.0,35592160.59,-0.49
2025-06-18,10.16,10.21,10.04,10.13,3426200.0,34724537.0,-0.69
2025-06-19,10.12,10.15,9.97,10.05,3293990.0,33178714.27,-0.79
2025-06-20,10.08,10.14,10.03,10.06,2303300.0,23211505.75,0.1
2025-06-23,10.1,10.15,9.97,10.14,1903000.0,19201270.0,0.8
2025-06-24,10.17,10.26,10.15,10.24,2938683.0,29989260.02,0.99
2025-06-25,10.28,10.38,10.18,10.28,3654966.0,37573050.48,0.39
2025-06-26,10.24,10.31,10.16,10.19,4611117.0,47148671.33,-0.88
2025-06-27,10.19,10.24,10.13,10.15,3650800.0,37156017.0,-0.39
2025-06-30,10.18,10.23,10.1,10.2,3406883.0,34673551.73,0.49
2025-07-01,10.24,10.31,10.22,10.28,3404683.0,34940559.29,0.78
2025-07-02,10.29,10.31,10.22,10.27,2662131.0,27346740.7,-0.1
2025-07-03,10.28,10.33,10.25,10.29,2399500.0,24684856.25,0.19
2025-07-04,10.29,10.3,10.16,10.17,3236400.0,33108372.0,-1.17
2025-07-07,10.19,10.29,10.15,10.26,2739100.0,28000449.75,0.88
2025-07-08,10.24,10.34,10.24,10.31,3214132.0,33049312.29,0.49
2025-07-09,10.3,10.39,10.28,10.33,3979100.0,41084207.5,0.19
2025-07-10,10.3,10.42,10.28,10.37,2755900.0,28502895.75,0.39
2025-07-11,10.35,10.44,10.31,10.42,3402900.0,35322102.0,0.48
2025-07-14,10.42,10.42,10.31,10.33,3547200.0,36784464.0,-0.86
2025-07-15,10.26,10.27,10.07,10.13,3598613.0,36642876.87,-1.94
2025-07-16,10.14,10.31,10.14,10.25,4009164.0,40933564.44,1.18
2025-07-17,10.28,10.43,10.23,10.25,3604113.0,37113353.62,0.0
2025-07-18,10.27,10.38,10.18,10.34,3558300.0,36623802.75,0.88
2025-07-21,10.34,10.4,10.28,10.4,3893890.0,40321230.95,0.58
2025-07-22,10.4,10.43,10.34,10.43,3149402.0,32753780.8,0.29
2025-07-23,10.43,10.53,10.41,10.46,4201590.0,43938127.42,0.29
2025-07-24,10.5,10.67,10.44,10.65,6856478.0,72438690.07,1.82
2025-07-25,10.7,10.77,10.59,10.6,4756622.0,50729373.63,-0.47
2025-07-28,10.65,10.65,10.54,10.59,3271690.0,34704451.67,-0.09
2025-07-29,10.64,10.65,10.48,10.58,3538700.0,37465986.25,-0.09
2025-07-30,10.53,10.76,10.53,10.72,6564511.0,69813574.48,1.32
2025-07-31,10.66,10.73,10.63,10.68,4815004.0,51400167.7,-0.37
2025-08-01,10.68,10.72,10.51,10.56,3940628.0,41839617.79,-1.12
2025-08-04,10.53,10.55,10.41,10.55,2358882.0,24791849.82,-0.09
2025-08-05,10.6,10.6,10.52,10.6,3295098.0,34862136.84,0.47
2025-08-06,10.6,10.62,10.52,10.55,2809900.0,29707667.75,-0.47
2025-08-07,10.57,10.69,10.52,10.63,4400672.0,46658124.88,0.76
2025-08-08,10.79,10.99,10.68,10.81,9801831.0,106031306.84,1.69
2025-08-11,10.81,10.92,10.65,10.88,5395972.0,58357437.18,0.65
2025-08-12,10.87,11.08,10.79,10.83,6163077.0,67131316.22,-0.46
2025-08-13,10.98,11.03,10.68,10.76,5385355.0,58498418.69,-0.65
2025-08-14,10.71,10.76,10.55,10.56,5397280.0,57454045.6,-1.86
2025-08-15,10.54,10.61,10.5,10.58,3884630.0,41011981.22,0.19
2025-08-18,10.61,10.72,10.57,10.7,4489959.0,47818063.35,1.13
2025-08-19,10.66,10.91,10.65,10.82,5117017.0,55059102.92,1.12
2025-08-20,10.77,11.08,10.74,11.0,7321630.0,79787462.93,1.66
2025-08-21,11.03,11.15,10.96,11.13,6692039.0,74064141.63,1.18
2025-08-22,11.11,11.15,10.92,10.99,5247590.0,57946512.58,-1.26
2025-08-25,11.0,11.18,10.94,11.12,6233356.0,68940917.36,1.18
2025-08-26,11.15,11.43,11.07,11.42,9780609.0,110203011.91,2.7
2025-08-27,11.38,11.39,11.15,11.19,6448154.0,72719056.73,-2.01
2025-08-28,11.16,11.42,10.96,11.23,8057207.0,90180289.35,0.36
2025-08-29,11.2,11.37,11.15,11.19,9804023.0,110074668.23,-0.36
2025-09-01,11.18,11.41,11.15,11.29,6613107.0,74447052.05,0.89
2025-09-02,11.26,11.51,11.19,11.34,9518892.0,107801451.9,0.44
2025-09-03,11.3,11.39,11.12,11.14,5964160.0,67022248.0,-1.76
2025-09-04,11.11,11.53,11.1,11.44,10073040.0,113774986.8,2.69
2025-09-05,11.4,11.61,11.13,11.61,10778431.0,123278304.56,1.49
2025-09-08,11.61,11.62,11.35,11.43,8615158.0,99095854.89,-1.55
2025-09-09,11.36,11.46,11.25,11.31,7690931.0,87253612.2,-1.05
2025-09-10,11.36,11.59,11.27,11.56,10583653.0,121129908.59,2.21
2025-09-11,11.46,11.59,11.34,11.48,7924817.0,90877838.95,-0.69
2025-09-12,11.41,11.69,11.35,11.36,7432085.0,85115953.46,-1.05
2025-09-15,11.36,11.41,11.25,11.34,5903012.0,66940156.08,-0.18
2025-09-16,11.38,11.4,11.25,11.34,5844411.0,66290231.77,0.0
2025-09-17,11.37,11.38,11.12,11.15,7165145.0,80643706.97,-1.68
2025-09-18,11.15,11.16,10.8,10.92,6276856.0,69092492.42,-2.06
2025-09-19,10.9,11.01,10.76,11.01,4094238.0,44709078.96,0.82
2025-09-22,11.0,11.0,10.57,10.71,6270814.0,67850207.48,-2.72
2025-09-23,10.59,10.69,10.31,10.48,5768069.0,60665665.71,-2.15
2025-09-24,10.5,10.56,10.42,10.48,3285448.0,34464349.52,0.0
2025-09-25,10.48,10.55,10.35,10.42,4088745.0,42727385.25,-0.57
2025-09-26,10.35,10.41,10.23,10.36,3610530.0,37323853.88,-0.58
2025-09-29,10.32,10.37,10.17,10.36,3143015.0,32388769.57,0.0
2025-09-30,10.36,10.41,10.21,10.24,4422782.0,45576768.51,-1.16
2025-10-09,10.28,10.29,10.11,10.2,3404968.0,34798772.96,-0.39
2025-10-10,10.2,10.39,10.16,10.36,5097376.0,52388281.84,1.57
2025-10-13,10.2,10.41,10.16,10.4,4210100.0,43332454.25,0.39
2025-10-14,10.4,10.46,10.32,10.45,4102852.0,42700432.19,0.48
2025-10-15,10.5,10.65,10.46,10.6,3846884.0,40594243.41,1.44
2025-10-16,10.6,10.73,10.5,10.51,4320700.0,45734609.5,-0.85
2025-10-17,10.58,10.62,10.46,10.52,3068669.0,32359114.61,0.1
2025-10-20,10.52,10.61,10.33,10.44,4278530.0,44817601.75,-0.76
2025-10-21,10.28,10.5,10.27,10.47,4302614.0,44661133.32,0.29
2025-10-22,10.51,10.64,10.46,10.59,3653520.0,38544636.0,1.15
2025-10-23,10.56,10.66,10.5,10.63,2414286.0,25561253.03,0.38
2025-10-24,10.6,10.61,10.47,10.49,3003259.0,31661858.01,-1.32
2025-10-27,10.58,10.58,10.35,10.49,4718805.0,49547452.5,0.0
2025-10-28,10.45,10.62,10.45,10.62,3664148.0,38601799.18,1.24
2025-10-29,10.62,10.65,10.46,10.51,2645396.0,27935381.76,-1.04
2025-10-30,10.51,10.99,10.42,10.75,6540384.0,69769546.32,2.28
2025-10-31,10.62,10.78,10.49,10.75,8862266.0,94471755.56,0.0
2025-11-03,10.7,10.86,10.68,10.78,6014366.0,64684506.33,0.28
2025-11-04,10.78,11.1,10.71,10.99,8083414.0,88068795.53,1.95
2025-11-05,10.89,11.12,10.89,11.05,6959885.0,76471736.44,0.55
2025-11-06,11.05,11.33,10.91,11.2,8227966.0,91515551.83,1.36
2025-11-07,11.25,11.48,11.12,11.16,7399015.0,83257416.29,-0.36
2025-11-10,11.16,12.28,11.11,11.99,25222740.0,293466579.9,7.44
2025-11-11,12.05,12.7,11.7,12.33,27113261.0,330646217.89,2.84
2025-11-12,12.32,12.5,12.0,12.09,14910521.0,182318395.53,-1.95
2025-11-13,12.14,12.38,12.02,12.29,13271815.0,162015681.61,1.65
2025-11-14,12.45,13.45,12.32,12.32,26589830.0,335962502.05,0.24
2025-11-17,12.38,12.64,12.13,12.27,15734460.0,194399253.3,-0.41
2025-11-18,12.49,12.52,12.07,12.13,10095843.0,124204108.51,-1.14
2025-11-19,12.12,12.33,12.01,12.17,7301832.0,88772022.54,0.33
2025-11-20,12.25,12.25,11.79,11.87,10723246.0,129107881.84,-2.47
2025-11-21,11.7,11.91,11.51,11.55,9170951.0,107002070.79,-2.7
2025-11-24,11.67,11.76,11.46,11.55,5301300.0,61548093.0,0.0
2025-11-25,11.57,11.63,11.41,11.58,4935570.0,56993494.57,0.26
2025-11-26,11.48,11.64,11.38,11.54,9123514.0,105011646.14,-0.35
2025-11-27,11.65,11.68,11.4,11.42,6838100.0,78894578.75,-1.04
2025-11-28,11.36,11.56,11.27,11.52,4815306.0,55026909.31,0.88
2025-12-01,11.52,11.58,11.43,11.48,4187130.0,48162462.82,-0.35
2025-12-02,11.4,11.67,11.36,11.6,5679138.0,65352680.54,1.05
2025-12-03,11.54,11.77,11.46,11.69,7628452.0,88604469.98,0.78
2025-12-04,11.58,11.94,11.5,11.57,8104867.0,94401438.38,-1.03
2025-12-05,11.45,11.7,11.35,11.67,6603361.0,76219294.34,0.86
2025-12-08,11.64,11.81,11.55,11.64,5767864.0,67253294.24,-0.26
2025-12-09,11.6,11.99,11.45,11.88,10421284.0,122241661.32,2.06
2025-12-10,12.0,12.48,11.98,12.02,17423173.0,211168856.76,1.18
2025-12-11,11.94,12.0,11.51,11.62,11809890.0,138972880.57,-3.33
2025-12-12,11.45,11.61,11.35,11.36,8381063.0,95900313.38,-2.24
2025-12-15,11.3,11.67,11.25,11.53,7181833.0,82142214.94,1.5
2025-12-16,11.5,12.68,11.5,12.68,29423756.0,355733210.04,9.97
2025-12-17,13.23,13.95,12.78,13.14,60509833.0,803268033.08,3.63
2025-12-18,12.92,13.45,12.59,12.92,47712074.0,618825599.78,-1.67
2025-12-19,12.92,13.43,12.73,13.15,38839545.0,507147358.84,1.78
2025-12-22,13.07,13.4,12.9,13.0,24243652.0,317410013.81,-1.14
2025-12-23,12.88,12.93,12.5,12.62,22019289.0,280360597.19,-2.92
2025-12-24,12.49,12.54,12.18,12.27,18928810.0,234149379.7,-2.77
2025-12-25,12.27,12.35,12.18,12.23,12594600.0,154378309.5,-0.33
2025-12-26,12.18,12.44,12.08,12.14,13760253.0,168012689.13,-0.74
2025-12-29,12.18,12.53,11.83,12.41,22893213.0,280155694.09,2.22
2025-12-30,12.15,12.22,11.76,11.82,17154969.0,205645190.89,-4.75
2025-12-31,11.95,12.11,11.79,11.83,11461366.0,136619482.72,0.08
2026-01-05,11.95,11.95,11.77,11.84,9254710.0,109922818.02,0.08
2026-01-06,11.85,11.99,11.77,11.92,11670211.0,138671282.21,0.68
2026-01-07,11.88,12.05,11.78,11.93,10224429.0,121772949.39,0.08
2026-01-08,11.88,11.99,11.77,11.85,10159699.0,120621026.38,-0.67
2026-01-09,11.84,12.15,11.82,12.14,13421660.0,160892149.25,2.45
2026-01-12,12.15,13.35,12.02,13.35,41366272.0,526075564.16,9.97
2026-01-13,13.5,13.9,13.06,13.14,40659671.0,544839591.4,-1.57
2026-01-14,13.07,14.08,12.97,13.34,25939420.0,346680348.3,1.52
2026-01-15,13.73,13.73,13.23,13.3,18555762.0,250456397.6,-0.3
2026-01-16,13.16,13.27,12.75,12.9,13400754.0,174477817.08,-3.01
2026-01-19,13.0,13.15,12.87,13.02,9529578.0,123979809.78,0.93
2026-01-20,12.96,13.39,12.86,13.31,17091835.0,224415793.55,2.23
2026-01-21,13.16,13.55,12.93,13.28,17924151.0,237136517.73,-0.23
2026-01-22,14.0,14.16,13.38,13.49,33191888.0,456637399.16,1.58
2026-01-23,13.6,13.72,13.33,13.53,18945987.0,256623393.91,0.3
2026-01-26,13.43,13.59,13.12,13.33,13670777.0,182744111.55,-1.48
2026-01-27,13.33,13.42,12.88,13.06,11166200.0,147086769.5,-2.03
2026-01-28,13.01,13.18,12.91,12.97,8657656.0,112701036.98,-0.69
2026-01-29,12.89,13.15,12.78,13.13,10793050.0,140174736.88,1.23
2026-01-30,13.1,13.41,12.94,13.01,11492171.0,150719822.66,-0.91
2026-02-02,12.93,13.37,12.83,12.9,15029283.0,195493398.62,-0.85
2026-02-03,12.96,13.17,12.73,12.96,16999984.0,220234792.72,0.47
2026-02-04,12.94,13.09,12.83,13.06,11125300.0,144406394.0,0.77
2026-02-05,13.02,13.65,12.94,13.53,26832485.0,356469563.22,3.6
2026-02-06,13.39,13.4,12.96,13.1,16738296.0,221154735.9,-3.18
2026-02-09,13.05,13.15,12.92,12.98,11402677.0,148519867.93,-0.92
2026-02-10,12.98,13.66,12.91,13.3,19270582.0,254612564.67,2.47
2026-02-11,13.2,13.27,13.0,13.03,8740790.0,114722868.75,-2.03
2026-02-12,12.96,12.99,12.57,12.6,14666649.0,187439774.22,-3.3
2026-02-13,12.75,12.88,12.61,12.63,7860021.0,99959817.07,0.24
2026-02-24,12.6,12.82,12.6,12.73,5771800.0,73229712.5,0.79
2026-02-25,12.71,12.79,12.61,12.69,4221400.0,53611780.0,-0.31
2026-02-26,12.7,12.7,12.33,12.44,8179600.0,102592633.0,-1.97
2026-02-27,12.4,12.5,12.34,12.42,4641590.0,57625339.85,-0.16
2026-03-02,12.25,12.27,11.99,12.03,6625600.0,80401656.0,-3.14
2026-03-03,12.03,12.17,11.79,11.81,5687655.0,67967477.25,-1.83
2026-03-04,11.72,11.87,11.58,11.68,4622029.0,54135514.66,-1.1
2026-03-05,11.78,11.88,11.65,11.71,3884955.0,45667646.03,0.26
2026-03-06,11.71,11.8,11.68,11.76,3736011.0,43851429.11,0.43
2026-03-09,11.68,11.79,11.56,11.74,4460146.0,52150257.11,-0.17
2026-03-10,11.77,11.96,11.77,11.92,4831300.0,57275061.5,1.53
2026-03-11,11.94,11.94,11.68,11.73,4235253.0,50071278.59,-1.59
2026-03-12,11.68,11.76,11.6,11.63,3278676.0,38253952.23,-0.85
2026-03-13,11.58,11.68,11.52,11.54,3967800.0,45947124.0,-0.77
2026-03-16,11.53,11.69,11.43,11.54,3575366.0,41286538.88,0.0
2026-03-17,11.54,11.64,11.43,11.43,3318996.0,38201643.96,-0.95
2026-03-18,11.43,11.48,11.24,11.37,3465900.0,39441942.0,-0.52
2026-03-19,11.26,11.38,11.18,11.19,4613743.0,51916143.11,-1.58
2026-03-20,11.25,11.29,10.99,11.0,6211970.0,69154756.03,-1.7
2026-03-23,10.79,10.85,10.16,10.21,9312800.0,97807682.0,-7.18
2026-03-24,10.41,10.7,10.38,10.65,7195914.0,75808953.99,4.31
2026-03-25,10.66,10.98,10.66,10.95,4259846.0,46059584.88,2.82
2026-03-26,10.93,11.05,10.83,10.88,3545900.0,38730092.75,-0.64
2026-03-27,10.75,11.0,10.74,10.92,3688921.0,40034015.15,0.37
2026-03-30,10.75,11.06,10.75,11.04,3280400.0,35756360.0,1.1
2026-03-31,11.03,11.25,11.0,11.09,3134190.0,34766002.57,0.45
2026-04-01,11.19,11.55,11.01,11.48,6946390.0,78546304.92,3.52
2026-04-02,11.37,11.66,11.36,11.62,7111744.0,81802835.36,1.22
2026-04-03,11.58,11.74,11.38,11.42,4396790.0,50694988.7,-1.72
2026-04-07,11.42,11.57,11.31,11.54,3908700.0,44793702.0,1.05
2026-04-08,11.69,11.79,11.62,11.68,5236500.0,61240867.5,1.21
2026-04-09,11.67,11.77,11.41,11.45,4348100.0,50329257.5,-1.97
2026-04-10,11.49,11.56,11.44,11.48,3233129.0,37156735.03,0.26
2026-04-13,11.47,11.47,11.2,11.27,5184100.0,58852495.25,-1.83
2026-04-14,11.33,11.35,11.08,11.24,4273400.0,48075750.0,-0.27
2026-04-15,11.32,11.45,11.23,11.4,4510648.0,51195854.8,1.42
2026-04-16,11.44,11.47,11.33,11.42,3186929.0,36378794.53,0.18
2026-04-17,11.41,11.51,11.28,11.39,3627732.0,41347075.47,-0.26
2026-04-20,11.55,12.03,11.35,11.37,10749852.0,124429536.9,-0.18
2026-04-21,11.41,11.42,10.91,11.01,9034412.0,101072484.25,-3.17
2026-04-22,10.96,10.97,10.8,10.87,5537396.0,60357616.4,-1.27
2026-04-23,10.81,11.0,10.76,10.9,4632430.0,50342933.02,0.28
2026-04-24,10.86,10.89,10.74,10.79,4919562.0,53229660.84,-1.01
2026-04-27,10.85,10.97,10.75,10.89,4442314.0,48265741.61,0.93
2026-04-28,10.8,10.92,10.73,10.78,3343000.0,36129472.5,-1.01
2026-04-29,10.7,10.93,10.7,10.82,4639490.0,50048498.38,0.37
2026-04-30,10.78,10.93,10.74,10.82,4075342.0,44085012.09,0.0
2026-05-06,10.82,10.9,10.64,10.66,6422770.0,69076891.35,-1.48
2026-05-07,10.78,10.79,10.47,10.55,5667359.0,60343204.95,-1.03
2026-05-08,10.55,10.61,10.51,10.6,3397620.0,35904349.35,0.47
2026-05-11,10.6,10.6,10.45,10.5,5056580.0,53283711.75,-0.94
2026-05-12,10.5,10.51,10.31,10.39,5612925.0,58528775.44,-1.05
2026-05-13,10.4,10.42,10.28,10.32,3462580.0,35855015.9,-0.67
2026-05-14,10.34,10.35,10.15,10.15,6212436.0,63661937.91,-1.65
2026-05-15,10.15,10.18,10.0,10.06,5166928.0,52173055.48,-0.89
2026-05-18,10.0,10.04,9.83,10.01,5217800.0,52021466.0,-0.5
2026-05-19,10.02,10.18,10.02,10.11,4089980.0,41237223.35,1.0
2026-05-20,10.11,10.16,9.93,10.07,3297910.0,33201708.92,-0.4
2026-05-21,10.02,10.15,9.8,9.82,3598600.0,35797073.5,-2.48
2026-05-22,9.83,9.95,9.8,9.88,3516609.0,34691347.79,0.61
2026-05-25,9.95,9.95,9.68,9.74,5327041.0,52364813.03,-1.42
2026-05-26,9.71,9.85,9.6,9.67,5471190.0,53111576.93,-0.72
2026-05-27,9.63,9.89,9.54,9.78,6447557.0,62605778.47,1.14
2026-05-28,9.7,9.88,9.54,9.59,5014440.0,48527243.1,-1.94
2026-05-29,9.55,10.1,9.53,9.88,8582469.0,83807809.79,3.02
2026-06-01,9.98,10.22,9.88,10.13,9538020.0,95880946.05,2.53
2026-06-02,10.06,10.1,9.78,9.84,7022500.0,69838762.5,-2.86
2026-06-03,9.85,9.85,9.57,9.74,5159521.0,50318228.55,-1.02
2026-06-04,9.73,9.76,9.41,9.46,5926844.0,56838433.96,-2.87
2026-06-05,9.59,10.14,9.5,9.73,5087082.0,49548178.68,2.85
2026-06-08,9.73,10.0,9.47,9.51,5537191.0,53586165.9,-2.26
2026-06-09,9.55,9.61,9.38,9.48,4285400.0,40732727.0,-0.32
2026-06-10,9.48,9.58,9.39,9.55,2881000.0,27369500.0,0.74
2026-06-11,9.44,9.61,9.41,9.55,3123600.0,29682009.0,0.0
2026-06-12,9.48,9.76,9.39,9.74,6537190.0,62707995.07,1.99
2026-06-15,9.74,9.83,9.56,9.64,4995849.0,48422266.43,-1.03
2026-06-16,9.63,9.63,9.41,9.43,3468745.0,33039796.13,-2.18
2026-06-17,9.43,9.43,9.17,9.21,4381190.0,40788878.9,-2.33
2026-06-18,9.23,9.24,9.07,9.07,2992890.0,27392425.72,-1.52
2026-06-22,9.04,9.04,8.82,9.02,4036700.0,36249566.0,-0.55
2026-06-23,9.02,9.26,8.95,9.06,3683500.0,33418553.75,0.44
2026-06-24,9.05,9.06,8.83,8.86,3383424.0,30281644.8,-2.21
2026-06-25,8.81,8.87,8.64,8.73,3690800.0,32340635.0,-1.47
2026-06-26,8.76,8.82,8.59,8.61,3243042.0,28198250.19,-1.37
2026-06-29,8.59,8.76,8.39,8.7,4355222.0,37498461.42,1.05
2026-06-30,8.69,8.73,8.55,8.58,2837040.0,24504933.0,-1.38
2026-07-01,8.55,9.02,8.52,8.94,4024600.0,35245434.5,4.2
2026-07-02,8.95,9.11,8.86,9.0,3101600.0,27852368.0,0.67
2026-07-03,8.89,9.08,8.8,8.96,2538190.0,22672382.18,-0.44
2026-07-06,8.9,9.19,8.89,9.14,3452182.0,31173203.46,2.01
2026-07-07,9.16,9.16,8.86,8.89,2798630.0,25236646.02,-2.74
2026-07-08,8.87,9.09,8.76,8.92,2356200.0,20993742.0,0.34
2026-07-09,9.01,9.05,8.82,8.92,3117490.0,27901535.5,0.0
2026-07-10,8.95,9.11,8.78,9.02,3246200.0,29102183.0,1.12
2026-07-13,9.01,9.02,8.87,8.94,2678000.0,23994880.0,-0.89
2026-07-14,8.99,9.24,8.97,9.22,4795700.0,43664848.5,3.13
2026-07-15,9.13,9.53,9.13,9.5,5368773.0,50050386.29,3.04
2026-07-16,9.5,9.66,9.38,9.58,4135468.0,39411010.04,0.84
2026-07-17,9.62,9.82,9.45,9.47,4984356.0,47799974.04,-1.15
2026-07-20,9.49,9.64,9.32,9.47,4461390.0,42293977.2,0.0
2026-07-21,9.47,9.5,9.16,9.19,6756090.0,63034319.7,-2.96
2026-07-22,9.11,9.32,9.05,9.14,4392652.0,40214729.06,-0.54
2026-07-23,9.1,9.24,9.0,9.18,2874000.0,26239620.0,0.44
2026-07-24,9.2,9.25,8.97,8.98,2695190.0,24526229.0,-2.18
2026-07-27,8.97,9.15,8.94,9.08,2367912.0,21394084.92,1.11
2026-07-28,9.07,9.22,9.05,9.2,2834995.0,25897679.33,1.32
2026-07-29,9.17,9.43,9.15,9.36,3616800.0,33554862.0,1.74
2026-07-30,9.4,9.59,9.36,9.48,4240900.0,40108311.75,1.28
2026-07-31,9.32,9.6,9.29,9.59,3526000.0,33320700.0,1.16
2026-08-03,9.59,9.76,9.51,9.71,4880400.0,47059257.0,1.25
2026-08-04,9.77,9.8,9.54,9.57,3761800.0,36376606.0,-1.44
2026-08-05,9.58,9.6,9.44,9.45,4200000.0,39973500.0,-1.25
2026-08-06,9.46,9.51,9.31,9.43,2874673.0,27100979.71,-0.21
2026-08-07,9.4,9.4,9.19,9.32,4806611.0,44833664.1,-1.17
2026-08-10,9.31,9.61,9.25,9.57,5260790.0,49635553.65,2.68
2026-08-11,9.57,9.59,9.41,9.52,3092200.0,29445474.5,-0.52
2026-08-12,9.52,9.55,9.36,9.46,3091788.0,29286961.83,-0.63
2026-08-13,9.43,9.49,9.35,9.37,2648110.0,24918715.1,-0.95
2026-08-14,9.37,9.39,9.24,9.28,2675900.0,24939388.0,-0.96
2026-08-17,9.32,9.36,9.11,9.34,3014800.0,27984881.0,0.65
2026-08-18,9.8,10.27,9.73,10.27,20533912.0,205698463.46,9.96
2026-08-19,9.89,10.15,9.24,9.34,33725487.0,325619576.99,-9.06
2026-08-20,9.29,9.32,9.09,9.22,14486066.0,133706389.18,-1.28
2026-08-21,9.15,9.22,8.97,9.02,11008814.0,100070119.26,-2.17
2026-08-24,9.0,9.16,8.98,9.05,6412861.0,58020359.9,0.33
2026-08-25,9.05,9.33,9.03,9.28,9415478.0,86363471.95,2.54
2026-08-26,9.23,9.38,9.19,9.2,7996670.0,73969197.5,-0.86
2026-08-27,9.2,9.34,9.12,9.29,5716350.0,52804783.12,0.98
2026-08-28,9.26,9.45,9.21,9.42,6549890.0,61143223.15,1.4
2026-08-31,9.42,9.46,9.28,9.31,6471200.0,60618966.0,-1.17
2026-09-01,9.35,9.68,9.32,9.57,10114051.0,95881203.48,2.79
2026-09-02,9.49,9.62,9.35,9.42,6448599.0,61068232.53,-1.57
2026-09-03,9.43,9.5,9.24,9.28,9563800.0,89541077.5,-1.49
2026-09-04,9.25,9.52,9.19,9.42,8603992.0,80404305.24,1.51
2026-09-07,9.45,9.77,9.43,9.71,14224978.0,136417539.02,3.08
2026-09-08,9.71,9.87,9.69,9.8,10839599.0,105875783.23,0.93
2026-09-09,9.76,9.84,9.6,9.77,8009663.0,78034141.78,-0.31
2026-09-10,9.77,9.85,9.58,9.61,6717776.0,65179221.64,-1.64
2026-09-11,9.53,9.65,9.3,9.35,9455936.0,89429514.72,-2.71
2026-09-14,9.29,9.54,9.28,9.33,6137699.0,57448862.64,-0.21
2026-09-15,9.4,9.4,8.93,8.94,9202000.0,84359335.0,-4.18
2026-09-16,8.97,8.97,8.76,8.86,4740800.0,42145712.0,-0.89
2026-09-17,8.87,8.87,8.71,8.77,4902500.0,43166512.5,-1.02
2026-09-18,8.76,9.12,8.76,9.0,5217911.0,46491587.01,2.62
2026-09-21,8.95,9.14,8.95,9.12,4825576.0,43623207.04,1.33
2026-09-22,9.12,9.15,8.97,9.03,4699200.0,42609996.0,-0.99
2026-09-23,8.99,9.03,8.91,8.91,3248463.0,29106228.48,-1.33
2026-09-24,8.92,8.95,8.84,8.85,2768067.0,24608115.63,-0.67
2026-09-28,8.87,8.91,8.76,8.88,3023399.0,26772198.14,0.34
2026-09-29,8.85,8.95,8.8,8.9,2400599.0,21305316.12,0.23
2026-09-30,8.89,9.0,8.88,8.99,3349039.0,29940408.66,1.01
