date,open,high,low,close,volume,amount,pct
2024-09-06,9.73,9.78,9.37,9.4,4367845.0,41800276.65,0.0
2024-09-09,9.35,9.49,9.23,9.3,4970121.0,46433355.44,-1.06
2024-09-10,9.31,9.68,9.15,9.61,6398588.0,60386674.25,3.33
2024-09-11,9.59,9.65,9.49,9.56,4073705.0,38995541.11,-0.52
2024-09-12,9.61,9.84,9.61,9.67,5897399.0,57101565.82,1.15
2024-09-13,9.74,9.74,9.43,9.43,3666477.0,35143182.05,-2.48
2024-09-18,9.53,9.54,9.13,9.24,4904473.0,45905867.28,-2.01
2024-09-19,9.32,9.69,9.25,9.64,6452057.0,61133240.07,4.33
2024-09-20,9.6,9.81,9.58,9.7,4890706.0,47305353.78,0.62
2024-09-23,9.67,9.9,9.61,9.81,5477700.0,53393880.75,1.13
2024-09-24,9.9,10.11,9.69,10.1,8183386.0,81424690.7,2.96
2024-09-25,10.25,10.48,10.13,10.16,9051949.0,92827737.0,0.59
2024-09-26,10.13,10.55,10.11,10.53,6929816.0,71584999.28,3.64
2024-09-27,10.74,11.32,10.69,11.18,8738569.0,95971334.04,6.17
2024-09-30,12.02,13.34,11.97,13.34,26139616.0,331123585.68,19.32
2024-10-08,16.01,16.01,14.37,15.96,37632683.0,586599446.26,19.64
2024-10-09,15.1,15.49,14.03,14.06,30647319.0,449596169.73,-11.9
2024-10-10,14.5,14.85,13.8,13.85,20156312.0,287227446.0,-1.49
2024-10-11,13.85,14.07,12.79,12.99,18580536.0,249443695.8,-6.21
2024-10-14,13.07,13.71,12.68,13.67,16141999.0,214406101.72,5.23
2024-10-15,13.6,14.21,13.35,13.36,18247560.0,248714242.8,-2.27
2024-10-16,13.23,13.66,13.18,13.4,10670846.0,142642533.91,0.3
2024-10-17,13.39,13.92,13.39,13.47,12414944.0,168129379.12,0.52
2024-10-18,13.41,14.68,13.31,14.16,19153357.0,266040128.73,5.12
2024-10-21,14.32,14.84,14.23,14.39,18502407.0,267267269.12,1.62
2024-10-22,14.39,14.4,13.82,13.98,17298313.0,244727883.17,-2.85
2024-10-23,14.0,14.35,13.81,14.01,12596384.0,176884722.32,0.21
2024-10-24,13.89,13.99,13.64,13.76,8863410.0,122492326.2,-1.78
2024-10-25,13.8,14.25,13.77,14.0,10426859.0,145506817.34,1.74
2024-10-28,14.3,15.32,14.1,15.24,26962049.0,397420602.26,8.86
2024-10-29,15.92,16.47,14.72,15.06,42191035.0,655754161.49,-1.18
2024-10-30,15.0,15.54,14.53,14.78,27081916.0,405213168.15,-1.86
2024-10-31,14.7,15.3,14.37,15.07,24089577.0,357971114.22,1.96
2024-11-01,15.06,15.1,13.8,13.83,21469562.0,310181497.0,-8.23
2024-11-04,13.85,14.14,13.71,14.02,11156296.0,155407203.28,1.37
2024-11-05,13.91,14.77,13.9,14.7,14748758.0,211202214.56,4.85
2024-11-06,14.8,15.04,14.52,14.67,15239326.0,224894353.44,-0.2
2024-11-07,14.67,15.11,14.56,15.05,14629490.0,217211352.78,2.59
2024-11-08,15.15,15.49,14.95,15.03,18785280.0,284690918.4,-0.13
2024-11-11,14.9,15.85,14.9,15.79,22496684.0,345549066.24,5.06
2024-11-12,15.85,16.19,15.16,15.36,18582451.0,290629533.64,-2.72
2024-11-13,15.3,16.07,15.24,15.77,21139850.0,329675960.75,2.67
2024-11-14,15.99,16.05,14.96,15.0,16034329.0,248532099.5,-4.88
2024-11-15,15.08,15.63,14.65,14.73,16134130.0,242374967.93,-1.8
2024-11-18,14.85,14.85,13.6,13.77,16652632.0,237591427.06,-6.52
2024-11-19,14.0,14.08,13.44,14.03,12057728.0,167451697.6,1.89
2024-11-20,13.97,14.75,13.9,14.47,13610470.0,194255433.07,3.14
2024-11-21,14.77,15.2,14.52,14.75,16066711.0,237947989.91,1.94
2024-11-22,14.76,15.18,13.97,13.98,16005413.0,231638339.64,-5.22
2024-11-25,14.19,14.26,13.64,14.1,10461606.0,146959410.28,0.86
2024-11-26,14.05,14.33,13.8,13.9,8040876.0,112733081.52,-1.42
2024-11-27,13.8,14.38,13.43,14.34,10892695.0,152361571.31,3.17
2024-11-28,14.29,14.74,14.28,14.34,9635171.0,138866902.04,0.0
2024-11-29,14.3,14.72,13.93,14.56,11805334.0,169731189.59,1.53
2024-12-02,14.8,14.93,14.48,14.77,14370657.0,211895337.47,1.44
2024-12-03,14.75,14.85,14.33,14.75,11008973.0,161501633.91,-0.14
2024-12-04,14.68,14.93,14.19,14.35,12022831.0,174781905.66,-2.71
2024-12-05,14.19,15.3,14.19,15.13,20790862.0,305677648.56,5.44
2024-12-06,15.33,15.37,14.79,15.11,16428935.0,248898365.25,-0.13
2024-12-09,15.16,15.81,14.93,15.17,21274088.0,324802138.54,0.4
2024-12-10,16.01,16.01,15.4,15.5,23168517.0,364440772.41,2.18
2024-12-11,15.65,15.81,15.36,15.74,16350586.0,255723165.04,1.55
2024-12-12,15.76,16.23,15.49,15.84,19790332.0,313280955.56,0.64
2024-12-13,15.73,16.04,15.36,15.4,18714813.0,292559314.22,-2.78
2024-12-16,15.32,16.23,14.88,15.64,25633858.0,397773391.51,1.56
2024-12-17,15.59,15.59,14.44,14.47,21048351.0,316198852.9,-7.48
2024-12-18,14.51,15.56,14.07,15.25,23216002.0,344699589.69,5.39
2024-12-19,14.99,16.48,14.94,16.35,41317217.0,648267134.73,7.21
2024-12-20,16.34,16.58,16.1,16.27,35598464.0,581055928.64,-0.49
2024-12-23,16.3,16.33,14.74,14.87,31138809.0,484519868.04,-8.6
2024-12-24,14.99,15.26,14.6,14.9,16852760.0,251738102.5,0.2
2024-12-25,15.09,15.55,14.28,14.53,18490678.0,274817701.78,-2.48
2024-12-26,14.5,15.52,14.44,15.13,21000957.0,312861756.91,4.13
2024-12-27,15.1,15.69,14.82,14.84,21000618.0,317371839.52,-1.92
2024-12-30,15.5,15.66,14.8,14.9,20242308.0,307986716.22,0.4
2024-12-31,15.1,15.34,13.95,13.98,22620554.0,330090434.25,-6.17
2025-01-02,14.02,14.41,13.6,13.77,16403251.0,228825351.45,-1.5
2025-01-03,13.9,14.05,12.8,12.82,16417788.0,219875225.79,-6.9
2025-01-06,12.71,13.11,12.48,12.83,9636884.0,123183469.73,0.08
2025-01-07,12.96,13.08,12.61,13.06,9217439.0,119158442.67,1.79
2025-01-08,13.0,13.28,12.56,13.06,11833151.0,153535134.23,0.0
2025-01-09,13.03,13.28,12.9,13.01,9673948.0,126293391.14,-0.38
2025-01-10,12.98,13.15,12.37,12.38,10134255.0,128907723.6,-4.84
2025-01-13,12.3,12.63,12.0,12.56,8318787.0,102924192.16,1.45
2025-01-14,12.8,13.65,12.6,13.59,16238490.0,213698528.4,8.2
2025-01-15,13.65,13.8,13.3,13.36,10662183.0,144232680.53,-1.69
2025-01-16,13.52,13.8,13.27,13.36,11582530.0,156219373.38,0.0
2025-01-17,13.57,13.57,13.18,13.28,9933009.0,133102320.6,-0.6
2025-01-20,13.43,13.49,13.16,13.34,8998636.0,120176783.78,0.45
2025-01-21,13.4,13.53,13.17,13.43,8051834.0,107753668.5,0.67
2025-01-22,13.31,13.38,13.04,13.23,7281522.0,96407351.28,-1.49
2025-01-23,13.5,13.95,13.33,13.33,13586811.0,183795585.8,0.76
2025-01-24,13.33,14.07,13.31,14.02,16558545.0,226562291.96,5.18
2025-01-27,14.18,14.58,13.79,13.83,14232009.0,200600166.85,-1.36
2025-02-05,16.6,16.6,16.6,16.6,10393359.0,172529759.4,20.03
2025-02-06,19.92,19.92,19.92,19.92,9949230.0,198188661.6,20.0
2025-02-07,23.9,23.9,23.9,23.9,25977374.0,620859238.6,19.98
2025-02-10,28.59,28.68,26.9,28.68,143993045.0,4062403782.06,20.0
2025-02-11,30.01,34.3,27.67,27.9,172037267.0,5155956891.99,-2.72
2025-02-12,29.2,31.47,28.03,30.26,124725870.0,3709347373.8,8.46
2025-02-13,29.7,36.27,29.08,33.55,127483943.0,4098608767.45,10.87
2025-02-14,33.92,40.26,33.9,38.37,136457417.0,4996047179.91,14.37
2025-02-17,39.18,39.2,35.2,38.54,112176778.0,4266082867.34,0.44
2025-02-18,37.41,40.68,35.88,39.58,109330305.0,4196917083.19,2.7
2025-02-19,39.63,41.0,38.18,40.0,104524206.0,4149872288.72,1.06
2025-02-20,38.5,39.47,36.78,36.8,87093405.0,3299751381.94,-8.0
2025-02-21,37.88,40.09,36.1,37.4,96796419.0,3665438396.48,1.63
2025-02-24,35.46,35.53,32.3,32.62,83808250.0,2847594814.38,-12.78
2025-02-25,31.97,34.5,31.8,33.65,63178494.0,2083626732.12,3.16
2025-02-26,33.98,36.9,33.23,35.45,73862353.0,2577057496.17,5.35
2025-02-27,35.19,38.01,35.19,37.2,67706272.0,2464339035.12,4.94
2025-02-28,37.11,38.58,35.23,35.3,71832093.0,2625822159.61,-5.11
2025-03-03,36.65,36.65,30.0,30.7,87507785.0,2931510797.5,-13.03
2025-03-04,30.0,30.74,28.8,29.2,74103501.0,2199762427.18,-4.89
2025-03-05,29.5,30.33,28.16,29.62,74663858.0,2195304084.84,1.44
2025-03-06,30.13,32.94,29.9,31.88,89722455.0,2800462126.69,7.63
2025-03-07,31.43,32.2,29.83,30.65,66897688.0,2075668014.42,-3.86
2025-03-10,31.2,33.18,30.47,30.47,61883812.0,1938819829.96,-0.59
2025-03-11,30.05,31.47,29.88,31.03,55667497.0,1703842914.43,1.84
2025-03-12,31.26,32.23,30.57,30.61,65633309.0,2045626158.26,-1.35
2025-03-13,30.02,30.23,27.65,28.09,75226655.0,2181384928.36,-8.23
2025-03-14,27.51,28.89,27.5,28.8,40737094.0,1147767623.45,2.53
2025-03-17,28.49,28.73,27.86,28.33,32271277.0,914971381.14,-1.63
2025-03-18,28.6,28.9,27.99,28.39,31743712.0,903743480.64,0.21
2025-03-19,28.28,28.47,27.51,27.63,26513197.0,741640403.08,-2.68
2025-03-20,27.51,29.58,27.22,28.16,59584084.0,1675355481.87,1.92
2025-03-21,27.86,28.68,27.23,27.47,40906279.0,1137603618.99,-2.45
2025-03-24,27.48,27.67,25.83,26.59,35150723.0,945290818.28,-3.2
2025-03-25,26.76,26.79,25.06,25.12,30685543.0,795752843.85,-5.53
2025-03-26,25.41,26.02,24.94,24.94,20714099.0,524636342.42,-0.72
2025-03-27,25.7,25.94,24.7,24.81,26410759.0,667862068.21,-0.52
2025-03-28,24.91,25.8,24.86,24.98,24563108.0,617455127.35,0.69
2025-03-31,24.66,26.19,24.66,26.0,37073842.0,940841425.35,4.08
2025-04-01,25.75,26.09,25.07,25.15,26816015.0,684210622.73,-3.27
2025-04-02,25.37,25.6,24.85,25.07,16364373.0,412750397.99,-0.32
2025-04-03,24.75,25.25,24.1,24.29,20657612.0,508125611.17,-3.11
2025-04-07,22.0,22.44,19.43,19.43,30434739.0,633803439.68,-20.01
2025-04-08,19.43,20.18,18.56,19.6,37463262.0,728379471.43,0.87
2025-04-09,19.0,20.48,17.92,20.24,39223265.0,761323573.65,3.27
2025-04-10,20.8,21.68,20.46,20.88,36658448.0,768177777.84,3.16
2025-04-11,20.9,21.62,20.77,21.2,24862219.0,525152220.83,1.53
2025-04-14,21.59,21.87,21.3,21.46,20486370.0,441583705.35,1.23
2025-04-15,21.68,22.05,21.15,21.35,18918560.0,407836857.2,-0.51
2025-04-16,21.36,22.19,20.59,20.92,24165944.0,513888799.16,-2.01
2025-04-17,20.79,21.46,20.65,20.69,23549930.0,492134662.18,-1.1
2025-04-18,20.8,21.3,20.33,20.51,16708079.0,346442018.06,-0.87
2025-04-21,20.72,21.51,20.38,21.43,25859089.0,543299459.89,4.49
2025-04-22,21.41,21.5,20.95,20.98,19163571.0,406459340.91,-2.1
2025-04-23,21.29,21.88,21.13,21.54,24722521.0,530545300.66,2.67
2025-04-24,21.43,21.53,20.34,20.58,22021962.0,461800543.14,-4.46
2025-04-25,20.62,21.99,20.62,21.22,29131534.0,615039511.58,3.11
2025-04-28,21.42,21.95,20.91,21.1,23292897.0,497186886.46,-0.57
2025-04-29,21.1,21.64,20.75,21.45,23181352.0,492256009.72,1.66
2025-04-30,21.56,22.67,21.4,22.48,38047583.0,838093134.53,4.8
2025-05-06,22.79,23.47,22.4,23.32,37344092.0,858727395.54,3.74
2025-05-07,23.55,23.71,22.5,22.86,32860855.0,760893097.53,-1.97
2025-05-08,22.76,23.18,22.56,22.9,20400134.0,466143061.9,0.17
2025-05-09,23.01,23.01,22.01,22.05,20159312.0,453987706.24,-3.71
2025-05-12,22.24,22.54,22.07,22.54,16774227.0,374862037.88,2.22
2025-05-13,22.84,23.65,22.17,22.27,34666090.0,788046890.92,-1.2
2025-05-14,22.38,23.05,22.08,22.7,27416970.0,618321215.92,1.93
2025-05-15,22.8,22.94,21.69,21.76,24399397.0,544045554.61,-4.14
2025-05-16,21.58,22.18,21.33,21.78,16321155.0,354454683.71,0.09
2025-05-19,21.81,21.81,21.08,21.4,14544482.0,313069975.05,-1.74
2025-05-20,21.34,21.71,21.1,21.49,13903458.0,297673035.78,0.42
2025-05-21,21.5,21.5,20.89,20.92,14427791.0,305905238.68,-2.65
2025-05-22,20.86,21.93,20.7,21.09,23443040.0,495703080.8,0.81
2025-05-23,20.94,21.08,20.12,20.18,23255735.0,478603026.3,-4.31
2025-05-26,20.33,20.55,20.11,20.5,12182491.0,248187797.9,1.59
2025-05-27,20.4,20.4,19.97,20.11,11672317.0,236014249.74,-1.9
2025-05-28,20.11,20.27,19.66,19.82,11423935.0,228078862.28,-1.44
2025-05-29,19.8,20.32,19.8,20.29,12840237.0,257478852.44,2.37
2025-05-30,20.13,20.13,19.35,19.48,14964250.0,295880633.12,-3.99
2025-06-03,19.36,19.86,19.36,19.45,10651170.0,207777698.78,-0.15
2025-06-04,19.6,19.99,19.39,19.72,12960330.0,254994492.75,1.39
2025-06-05,19.72,22.72,19.67,22.16,57643768.0,1214410082.34,12.37
2025-06-06,22.0,25.75,21.8,23.82,88944073.0,2076177024.0,7.49
2025-06-09,23.51,23.94,22.98,23.62,52381268.0,1231614563.85,-0.84
2025-06-10,24.01,24.19,22.46,22.85,39119839.0,914524036.22,-3.26
2025-06-11,22.6,22.77,22.1,22.25,24495205.0,549427448.15,-2.63
2025-06-12,22.52,23.27,22.04,22.25,34268305.0,771722228.6,0.0
2025-06-13,21.9,22.0,21.01,21.15,29155282.0,627275892.23,-4.94
2025-06-16,20.99,22.94,20.69,22.24,33102733.0,718825847.1,5.15
2025-06-17,22.98,23.62,22.16,22.45,33616693.0,766544642.13,0.94
2025-06-18,22.0,22.27,21.69,22.04,21806173.0,479735806.0,-1.83
2025-06-19,22.2,22.41,21.24,21.27,20213266.0,440244933.48,-3.49
2025-06-20,21.34,21.39,20.56,20.66,19414897.0,407470150.79,-2.87
2025-06-23,20.25,21.05,20.25,21.0,15084449.0,311305316.24,1.65
2025-06-24,21.2,22.12,21.04,21.98,22901835.0,494336108.48,4.67
2025-06-25,22.1,22.77,21.83,22.71,31992721.0,715117296.15,3.32
2025-06-26,22.8,22.98,22.37,22.42,24064377.0,544877656.22,-1.28
2025-06-27,22.48,22.98,22.13,22.35,20800919.0,467708663.71,-0.31
2025-06-30,22.61,22.95,22.48,22.62,18529768.0,419977191.72,1.21
2025-07-01,22.8,22.88,22.13,22.29,16363840.0,368595496.0,-1.46
2025-07-02,22.15,22.18,21.6,21.96,15582905.0,342395380.11,-1.48
2025-07-03,21.91,22.48,21.8,21.96,13833940.0,304865452.75,0.0
2025-07-04,22.03,22.85,21.91,21.95,26026733.0,577403071.61,-0.05
2025-07-07,21.64,21.98,21.51,21.67,13588562.0,294871795.4,-1.28
2025-07-08,21.6,22.65,21.5,22.6,23505606.0,519180072.52,4.29
2025-07-09,22.65,22.79,22.26,22.35,18725785.0,421564234.81,-1.11
2025-07-10,22.34,22.56,21.95,22.2,14840876.0,330395001.95,-0.67
2025-07-11,22.18,22.83,21.74,22.65,23914522.0,534489566.7,2.03
2025-07-14,22.7,23.0,22.33,22.67,18041666.0,409094776.55,0.09
2025-07-15,22.69,23.84,22.55,23.57,39791819.0,921678007.59,3.97
2025-07-16,23.9,24.68,23.47,23.57,42385619.0,1013228222.2,0.0
2025-07-17,23.23,23.98,23.18,23.69,24430904.0,574614862.08,0.51
2025-07-18,23.98,25.3,23.69,24.62,47306153.0,1154151867.82,3.93
2025-07-21,24.33,26.87,24.33,25.91,56413388.0,1430643519.68,5.24
2025-07-22,25.51,25.7,24.0,24.04,48486431.0,1203069569.19,-7.22
2025-07-23,23.94,25.75,23.59,24.81,44349500.0,1087560613.75,3.2
2025-07-24,24.9,25.59,24.58,25.29,32711088.0,820721197.92,1.93
2025-07-25,25.6,26.44,25.23,26.38,42553794.0,1102675187.03,4.31
2025-07-28,26.3,26.37,25.3,25.77,27265699.0,707135903.56,-2.31
2025-07-29,25.8,26.18,25.08,25.52,22423109.0,575040630.3,-0.97
2025-07-30,25.57,25.57,24.49,24.81,24590452.0,617466249.72,-2.78
2025-07-31,24.75,28.2,24.6,26.37,65377543.0,1698508567.14,6.29
2025-08-01,26.31,26.63,25.07,25.88,42828829.0,1112371761.2,-1.86
2025-08-04,25.25,25.75,25.22,25.72,19683702.0,501639145.47,-0.62
2025-08-05,25.7,26.06,25.24,25.48,20351285.0,521399921.7,-0.93
2025-08-06,25.48,25.98,25.23,25.7,21463969.0,549423946.48,0.86
2025-08-07,25.87,26.48,25.25,25.38,26797755.0,689908202.48,-1.25
2025-08-08,25.5,25.88,24.35,24.35,28440679.0,711585788.58,-4.06
2025-08-11,24.32,25.37,24.2,25.29,24207225.0,600218143.88,3.86
2025-08-12,25.28,26.15,24.79,25.75,31891385.0,812991132.11,1.82
2025-08-13,25.65,27.96,25.51,26.74,57731656.0,1527868276.04,3.84
2025-08-14,26.29,26.85,25.95,25.97,36288311.0,953112488.41,-2.88
2025-08-15,25.76,26.54,25.76,26.33,26185188.0,683367943.83,1.39
2025-08-18,26.8,27.14,26.32,26.8,36014071.0,963916610.32,1.79
2025-08-19,27.15,27.34,26.28,26.35,35744609.0,957240629.02,-1.68
2025-08-20,26.05,26.35,25.39,26.35,28822994.0,750406648.79,0.0
2025-08-21,26.4,26.98,25.9,26.96,35565296.0,944614261.76,2.31
2025-08-22,27.33,28.6,26.61,28.26,67333601.0,1865140747.7,4.82
2025-08-25,29.19,30.22,28.31,28.52,64061050.0,1861614113.0,0.92
2025-08-26,28.3,29.02,28.1,28.15,38494146.0,1092945040.3,-1.3
2025-08-27,28.88,30.29,28.41,28.56,57746846.0,1676679673.61,1.46
2025-08-28,28.32,29.02,27.22,28.93,50689945.0,1438200464.51,1.3
2025-08-29,28.95,28.95,27.52,27.81,33173063.0,939046480.87,-3.87
2025-09-01,28.15,28.95,27.31,27.41,30670437.0,857392066.34,-1.44
2025-09-02,27.28,27.3,25.7,25.97,30657432.0,814338037.5,-5.25
2025-09-03,26.2,26.25,24.98,25.19,20718490.0,531532860.95,-3.0
2025-09-04,25.0,25.5,23.85,24.25,21801768.0,537413581.2,-3.73
2025-09-05,24.48,25.25,24.01,25.13,18879075.0,466643536.31,3.63
2025-09-08,25.08,25.16,24.64,24.93,17134652.0,427552404.03,-0.8
2025-09-09,24.73,24.93,24.2,24.21,17796865.0,436334637.64,-2.89
2025-09-10,25.2,25.78,24.71,24.73,23205290.0,582568805.45,2.15
2025-09-11,25.46,25.89,24.86,25.88,29596996.0,755389330.41,4.65
2025-09-12,26.0,27.25,25.71,26.07,33547495.0,880873349.96,0.73
2025-09-15,25.7,26.01,25.25,25.51,20841185.0,533899056.74,-2.15
2025-09-16,25.42,25.82,25.18,25.82,15868265.0,405592853.4,1.22
2025-09-17,25.63,25.75,25.16,25.43,19948896.0,508547231.28,-1.51
2025-09-18,25.58,26.94,25.32,25.75,38434497.0,995357386.06,1.26
2025-09-19,25.91,26.2,25.21,25.31,20401639.0,523455052.64,-1.71
2025-09-22,25.68,26.62,25.68,26.49,25539962.0,667039957.53,4.66
2025-09-23,26.9,27.15,24.95,26.02,31553352.0,828433256.76,-1.77
2025-09-24,25.83,27.19,25.63,27.0,38512442.0,1017209874.32,3.77
2025-09-25,27.1,27.49,26.76,27.25,31339977.0,850880375.55,0.93
2025-09-26,26.86,27.31,25.95,25.96,24320522.0,644980243.44,-4.73
2025-09-29,25.95,26.53,25.69,26.4,17853808.0,466743175.64,1.69
2025-09-30,26.9,27.48,26.72,27.04,27905077.0,754413756.7,2.42
2025-10-09,27.01,27.18,26.55,26.61,27112767.0,727638884.36,-1.59
2025-10-10,26.45,26.46,24.96,25.07,24997700.0,643315809.5,-5.79
2025-10-13,24.03,25.05,23.87,24.84,18322928.0,447949782.28,-0.92
2025-10-14,24.98,25.3,23.86,23.97,18952331.0,464853298.6,-3.5
2025-10-15,24.0,24.33,23.48,24.33,12558942.0,301854170.97,1.5
2025-10-16,24.25,24.87,24.18,24.49,15236809.0,372501888.03,0.66
2025-10-17,24.5,24.71,23.3,23.31,13551783.0,324632961.77,-4.82
2025-10-20,24.5,25.3,24.2,24.28,24557508.0,603377971.56,4.16
2025-10-21,24.3,24.45,24.07,24.44,13602437.0,330743255.65,0.66
2025-10-22,24.22,24.37,23.92,24.04,10241088.0,247194261.6,-1.64
2025-10-23,23.9,24.1,23.39,24.09,9975794.0,238122202.78,0.21
2025-10-24,24.16,24.56,24.12,24.41,11457731.0,278566084.94,1.33
2025-10-27,24.73,25.01,24.35,24.6,13301822.0,328189203.3,0.78
2025-10-28,24.47,24.75,24.26,24.39,10529685.0,257635067.74,-0.85
2025-10-29,24.38,24.56,24.04,24.35,11064576.0,269228795.52,-0.16
2025-10-30,24.15,24.85,23.96,24.48,15607610.0,380201379.6,0.53
2025-10-31,24.78,25.74,24.7,25.24,24952686.0,626686708.89,3.1
2025-11-03,25.36,25.52,24.94,25.48,16845480.0,426611781.0,0.95
2025-11-04,25.36,25.36,24.68,24.86,11380135.0,285243083.77,-2.43
2025-11-05,24.41,24.88,23.96,24.36,11429256.0,278902419.54,-2.01
2025-11-06,24.35,24.5,24.03,24.38,8418300.0,204690964.5,0.08
2025-11-07,24.23,24.25,23.83,23.97,9712630.0,233783004.1,-1.68
2025-11-10,23.93,24.25,23.57,23.74,9717931.0,231991307.8,-0.96
2025-11-11,23.76,24.6,23.68,23.87,11803188.0,283010940.27,0.55
2025-11-12,23.7,23.71,23.0,23.14,11105825.0,259737482.19,-3.06
2025-11-13,23.12,23.57,22.96,23.49,9161222.0,213319054.27,1.51
2025-11-14,23.39,23.84,23.0,23.01,10120604.0,235911279.24,-2.04
2025-11-17,23.17,23.81,23.06,23.73,12088489.0,283384403.38,3.13
2025-11-18,23.66,24.14,23.48,23.78,10428755.0,247839362.58,0.21
2025-11-19,23.9,23.9,23.11,23.14,8629244.0,202895099.55,-2.69
2025-11-20,23.34,24.13,22.77,23.43,13480951.0,315690170.04,1.25
2025-11-21,23.07,23.66,22.44,22.81,12834174.0,295121831.13,-2.65
2025-11-24,22.83,23.79,22.31,23.6,15223463.0,352156757.85,3.46
2025-11-25,23.6,24.23,23.6,23.82,12865983.0,306371220.19,0.93
2025-11-26,23.6,24.32,23.56,23.67,9459818.0,225025420.68,-0.63
2025-11-27,23.6,24.01,23.52,23.67,8042274.0,190601893.8,0.0
2025-11-28,24.86,25.67,23.91,24.16,25363784.0,625217275.6,2.07
2025-12-01,24.03,24.63,23.33,24.53,17627608.0,425354181.04,1.53
2025-12-02,24.92,25.18,24.4,24.43,15676057.0,387708079.75,-0.41
2025-12-03,24.4,24.65,23.65,23.77,11637628.0,280670493.29,-2.7
2025-12-04,23.65,24.03,23.24,23.76,9570793.0,226540670.31,-0.04
2025-12-05,23.8,24.05,23.38,24.05,8596188.0,204761198.16,1.22
2025-12-08,23.91,24.45,23.91,24.24,10308833.0,248726368.21,0.79
2025-12-09,24.3,25.07,24.24,24.38,12526705.0,306872955.74,0.58
2025-12-10,24.25,24.33,23.9,24.17,8780804.0,212166176.65,-0.86
2025-12-11,24.18,24.29,23.49,23.53,9155555.0,218565986.74,-2.65
2025-12-12,23.5,24.56,23.41,24.48,19540373.0,468724697.34,4.04
2025-12-15,24.21,24.87,24.06,24.68,15189211.0,371452155.01,0.82
2025-12-16,24.68,24.68,23.66,23.9,11814046.0,286254334.58,-3.16
2025-12-17,23.91,24.47,23.44,24.35,13592641.0,326801071.24,1.88
2025-12-18,24.08,26.26,24.06,25.51,34376278.0,858633483.75,4.76
2025-12-19,25.62,26.78,25.6,25.92,28902976.0,750899316.48,1.61
2025-12-22,26.3,26.3,25.31,25.32,19711947.0,508716072.2,-2.31
2025-12-23,25.33,25.45,24.44,24.68,17745689.0,443198582.77,-2.53
2025-12-24,24.7,24.83,24.44,24.74,14086613.0,347622392.31,0.24
2025-12-25,24.6,24.92,24.51,24.76,11406527.0,281712700.58,0.08
2025-12-26,24.85,29.71,24.74,29.71,99865393.0,2721581622.73,19.99
2025-12-29,28.99,29.55,28.3,28.8,58881612.0,1702267402.92,-3.06
2025-12-30,29.0,29.15,27.88,28.02,38551677.0,1099204690.46,-2.71
2025-12-31,28.25,28.9,27.81,28.09,32408883.0,915956055.79,0.25
2026-01-05,28.9,31.49,28.73,30.72,73456884.0,2200768244.64,9.36
2026-01-06,30.72,31.15,29.51,30.23,51227615.0,1557447565.04,-1.6
2026-01-07,30.14,30.64,29.4,29.55,38655590.0,1157058447.67,-2.25
2026-01-08,29.55,29.94,29.1,29.44,35992700.0,1062054595.25,-0.37
2026-01-09,29.83,30.87,29.43,30.1,52994483.0,1592881672.77,2.24
2026-01-12,30.9,33.32,30.9,32.59,63626228.0,2031426394.47,8.27
2026-01-13,33.1,33.5,29.95,30.09,59978150.0,1898908229.0,-7.67
2026-01-14,30.11,31.98,30.11,30.69,54133667.0,1663121584.41,1.99
2026-01-15,30.39,30.87,28.86,29.17,37208362.0,1109646375.75,-4.95
2026-01-16,29.42,29.65,28.29,28.7,29045287.0,842749002.31,-1.61
2026-01-19,28.7,28.73,28.06,28.08,20318219.0,576885032.96,-2.16
2026-01-20,28.64,28.79,27.11,27.41,25016201.0,700140925.49,-2.39
2026-01-21,27.21,28.2,27.05,27.78,20790147.0,572976451.32,1.35
2026-01-22,28.05,31.98,28.05,31.36,64155572.0,1915685379.92,12.89
2026-01-23,30.75,33.33,30.01,32.61,68953334.0,2184096854.45,3.99
2026-01-26,36.5,39.13,34.58,39.13,123315550.0,4603986059.25,19.99
2026-01-27,37.0,39.5,36.58,39.29,101015673.0,3847939523.75,0.41
2026-01-28,43.0,44.98,40.1,40.1,108984377.0,4582248130.96,2.06
2026-01-29,40.0,43.3,38.18,39.79,81986143.0,3305476320.4,-0.77
2026-01-30,38.83,39.76,37.2,37.52,64862956.0,2486034946.09,-5.7
2026-02-02,37.52,38.77,35.83,35.87,47416491.0,1754291625.77,-4.4
2026-02-03,36.59,39.29,35.83,38.41,52217892.0,1959737486.76,7.08
2026-02-04,37.52,37.8,34.03,34.65,56083093.0,2018991348.0,-9.79
2026-02-05,33.88,35.0,33.8,34.28,31348526.0,1073373530.24,-1.07
2026-02-06,33.96,35.53,33.15,34.4,37532706.0,1285870507.56,0.35
2026-02-09,35.7,35.84,34.44,35.42,39713995.0,1403889723.25,2.97
2026-02-10,35.42,36.56,35.18,35.71,44796425.0,1600016309.94,0.82
2026-02-11,35.49,39.0,35.49,37.54,63104129.0,2327280277.52,5.12
2026-02-12,43.2,45.05,40.47,45.05,104318788.0,4531868947.69,20.01
2026-02-13,44.88,45.8,41.88,42.38,97391754.0,4259428361.19,-5.93
2026-02-24,42.63,43.0,39.89,41.07,56064607.0,2334950720.03,-3.09
2026-02-25,40.99,41.13,38.58,39.1,51683194.0,2064743600.3,-4.8
2026-02-26,39.06,40.15,38.7,38.8,57518701.0,2253438908.43,-0.77
2026-02-27,38.22,42.48,38.22,40.37,75327113.0,2999713957.44,4.05
2026-03-02,38.7,40.3,38.4,38.48,49539858.0,1930568266.26,-4.68
2026-03-03,38.68,39.0,34.71,35.0,52591518.0,1937865959.51,-9.04
2026-03-04,33.99,35.88,33.99,35.08,30188174.0,1048586223.89,0.23
2026-03-05,36.28,36.94,35.26,36.19,38391460.0,1388523129.55,3.16
2026-03-06,35.75,37.98,35.62,37.82,41564221.0,1529251601.14,4.5
2026-03-09,41.66,45.38,41.05,45.38,70610566.0,3062203721.0,19.99
2026-03-10,51.89,53.4,48.6,51.59,149372874.0,7673284537.38,13.68
2026-03-11,51.48,52.39,49.55,51.2,109268733.0,5589642036.61,-0.76
2026-03-12,51.5,53.3,47.3,48.21,110097014.0,5513383218.59,-5.84
2026-03-13,47.0,47.47,42.97,43.01,87061635.0,3927568008.94,-10.79
2026-03-16,42.95,43.3,41.19,42.62,54490239.0,2316652511.09,-0.91
2026-03-17,43.66,43.9,41.7,41.79,55142753.0,2358041975.16,-1.95
2026-03-18,43.0,47.74,43.0,47.31,102800259.0,4652996722.99,13.21
2026-03-19,45.33,49.68,45.11,47.84,95102509.0,4468866897.91,1.12
2026-03-20,47.68,47.68,45.0,45.0,65251003.0,3023731479.02,-5.94
2026-03-23,43.9,46.17,42.61,43.39,51460619.0,2265167796.83,-3.58
2026-03-24,43.82,44.17,40.92,42.69,53872355.0,2311124029.5,-1.61
2026-03-25,44.0,45.88,43.01,43.35,67760903.0,2985545386.18,1.55
2026-03-26,43.31,44.19,41.18,41.38,44809762.0,1905087031.43,-4.54
2026-03-27,40.03,41.86,39.85,41.32,32709042.0,1333384097.13,-0.14
2026-03-30,39.99,41.32,39.21,41.2,32815567.0,1326733373.81,-0.29
2026-03-31,40.93,41.36,39.77,40.2,27256535.0,1105661342.27,-2.43
2026-04-01,42.0,44.78,41.68,44.22,63929986.0,2759857495.62,10.0
2026-04-02,43.1,43.16,40.18,40.68,47847252.0,1999058188.56,-8.01
2026-04-03,41.58,43.05,40.89,41.6,45787541.0,1913003462.98,2.26
2026-04-07,41.0,42.07,40.08,40.35,32522116.0,1329341491.5,-3.0
2026-04-08,42.77,46.0,42.4,45.98,64388499.0,2851605649.46,13.95
2026-04-09,44.98,46.5,44.68,46.14,50499616.0,2301519999.2,0.35
2026-04-10,46.04,46.3,44.5,44.52,46675790.0,2116280318.6,-3.51
2026-04-13,43.6,46.2,43.58,44.99,39009033.0,1739510304.05,1.06
2026-04-14,46.68,47.65,45.59,46.28,53187677.0,2475886364.35,2.87
2026-04-15,46.38,47.18,45.0,45.78,42051721.0,1937953562.29,-1.08
2026-04-16,46.5,48.88,46.26,47.33,55097979.0,2602966272.91,3.39
2026-04-17,46.66,48.26,46.62,47.75,39891288.0,1887755476.38,0.89
2026-04-20,48.1,50.43,47.77,48.43,47194440.0,2297543325.3,1.42
2026-04-21,47.0,47.33,44.4,46.8,53358381.0,2474895106.73,-3.37
2026-04-22,46.76,49.5,46.01,49.17,51860718.0,2482053963.48,5.06
2026-04-23,48.88,52.94,48.63,50.08,65935158.0,3305494308.43,1.85
2026-04-24,50.2,51.95,47.86,49.2,59838253.0,2980094595.03,-1.76
2026-04-27,48.0,48.0,44.98,47.04,46257809.0,2174348312.04,-4.39
2026-04-28,46.87,47.07,44.85,44.95,42648818.0,1959073454.83,-4.44
2026-04-29,44.56,47.15,44.43,45.81,36478780.0,1659328505.25,1.91
2026-04-30,45.8,46.62,44.0,45.03,35132712.0,1593707648.1,-1.7
2026-05-06,46.6,52.48,46.56,50.27,68142816.0,3337464770.64,11.64
2026-05-07,50.3,52.86,49.95,52.76,51236883.0,2637034275.8,4.95
2026-05-08,51.88,52.68,51.06,51.25,39242424.0,2029520063.22,-2.86
2026-05-11,52.58,52.9,49.51,50.4,46984555.0,2412539437.86,-1.66
2026-05-12,50.02,50.4,48.21,48.61,39286512.0,1937217906.72,-3.55
2026-05-13,47.89,51.41,47.5,50.87,51921703.0,2565840758.0,4.65
2026-05-14,52.5,52.88,47.77,47.8,52402050.0,2632547986.88,-6.03
2026-05-15,47.5,49.48,45.8,46.6,45607470.0,2159285667.15,-2.51
2026-05-18,47.2,49.9,46.69,47.23,47625214.0,2274342094.57,1.35
2026-05-19,46.5,48.9,45.4,48.69,44535037.0,2109736040.28,3.09
2026-05-20,48.0,48.69,46.8,47.89,33698533.0,1612306311.38,-1.64
2026-05-21,48.44,48.45,43.01,43.44,53013995.0,2429896460.82,-9.29
2026-05-22,43.81,45.15,43.03,45.1,34773786.0,1539522440.68,3.82
2026-05-25,44.5,45.0,41.76,44.16,48026239.0,2106190711.34,-2.08
2026-05-26,43.6,43.6,40.86,41.7,34976962.0,1484422267.28,-5.57
2026-05-27,41.8,42.18,39.83,40.28,27570693.0,1131018753.59,-3.41
2026-05-28,41.26,41.4,39.0,40.75,26207695.0,1064097936.24,1.17
2026-05-29,41.0,41.25,38.41,38.68,26638307.0,1061136959.35,-5.08
2026-06-01,39.0,40.29,38.44,38.74,23905420.0,935120266.85,0.16
2026-06-02,39.55,39.78,37.39,38.98,24239428.0,943519734.9,0.62
2026-06-03,38.8,39.89,38.25,38.6,26453724.0,1028653057.74,-0.97
2026-06-04,38.23,38.87,37.51,38.7,22987571.0,881056127.5,0.26
2026-06-05,38.48,38.49,36.8,37.28,25487178.0,962459559.23,-3.67
2026-06-08,35.91,36.97,34.9,35.55,22845288.0,818603782.26,-4.64
2026-06-09,35.99,36.34,35.3,36.11,16942010.0,608811129.35,1.58
2026-06-10,36.0,37.43,35.22,35.74,23530337.0,849386339.86,-1.02
2026-06-11,35.38,35.51,34.2,34.58,20740119.0,724193105.18,-3.25
2026-06-12,35.18,36.23,35.0,35.0,21421269.0,757295412.32,1.21
2026-06-15,35.75,37.05,35.4,36.86,23319576.0,845684423.64,5.31
2026-06-16,36.06,36.6,35.54,35.83,26287955.0,946563539.66,-2.79
2026-06-17,35.83,37.62,35.66,37.2,32100270.0,1174147625.92,3.82
2026-06-18,37.35,38.8,37.07,38.63,36869937.0,1399674983.36,3.84
2026-06-22,38.88,39.84,38.0,39.77,41634016.0,1628826790.96,2.95
2026-06-23,40.0,40.0,37.01,37.45,31763260.0,1226538284.9,-5.83
2026-06-24,37.35,39.19,36.5,38.85,30350459.0,1152482804.38,3.74
2026-06-25,38.6,38.69,36.66,36.83,30210454.0,1138783063.53,-5.2
2026-06-26,36.88,36.88,34.0,34.01,30121836.0,1067593172.43,-7.66
2026-06-29,34.06,34.26,32.7,33.01,23816404.0,798028157.03,-2.94
2026-06-30,33.09,37.57,33.09,36.76,34069976.0,1196793081.94,11.36
2026-07-01,36.95,37.99,36.31,36.81,30059643.0,1112657685.64,0.14
2026-07-02,36.0,37.65,35.6,35.83,24370204.0,883907299.08,-2.66
2026-07-03,35.8,36.49,35.0,35.05,20212948.0,719277754.58,-2.18
2026-07-06,34.88,35.12,33.5,33.6,18666815.0,639805084.12,-4.14
2026-07-07,33.82,34.15,32.16,32.4,17105026.0,566732273.95,-3.57
2026-07-08,32.86,36.0,32.85,34.83,35295661.0,1204817388.23,7.5
2026-07-09,34.6,36.98,34.01,36.9,38717802.0,1379224901.74,5.94
2026-07-10,36.3,39.27,36.3,37.19,40167637.0,1496846992.81,0.79
2026-07-13,37.0,37.95,35.45,35.65,27771971.0,1014024091.14,-4.14
2026-07-14,35.68,36.21,32.5,34.27,28113468.0,974553368.22,-3.87
2026-07-15,34.11,35.14,33.33,33.85,17782921.0,606530978.01,-1.23
2026-07-16,33.61,35.18,32.96,33.91,23033149.0,781169248.34,0.18
2026-07-17,33.9,33.99,29.92,29.99,31153145.0,995342982.75,-11.56
2026-07-20,31.01,32.46,29.3,30.61,27907802.0,860816152.69,2.07
2026-07-21,30.75,31.67,28.37,31.55,27370335.0,837121695.98,3.07
2026-07-22,31.54,32.77,31.02,31.18,24768315.0,783359882.66,-1.17
2026-07-23,31.0,32.02,30.23,30.37,19193735.0,593182380.18,-2.6
2026-07-24,29.69,30.17,29.12,29.27,15133950.0,447397396.88,-3.62
2026-07-27,29.03,29.95,28.78,29.93,13544094.0,398501105.71,2.25
2026-07-28,29.44,29.68,28.44,28.56,17028811.0,494346383.33,-4.58
2026-07-29,28.59,28.73,26.87,27.93,21472187.0,601865401.61,-2.21
2026-07-30,27.66,28.25,26.4,26.58,16660715.0,453546314.09,-4.83
2026-07-31,28.5,31.9,28.28,30.77,43883451.0,1310469555.49,15.76
2026-08-03,31.55,32.63,31.2,31.43,33671884.0,1067482902.51,2.14
2026-08-04,33.0,35.85,32.91,35.2,53824058.0,1842935745.92,11.99
2026-08-05,34.27,35.79,34.1,35.35,40667210.0,1418370616.77,0.43
2026-08-06,34.51,36.22,34.51,35.24,33481971.0,1175886821.52,-0.31
2026-08-07,35.3,36.0,34.06,35.44,28949772.0,1019031974.4,0.57
2026-08-10,35.3,35.3,33.66,34.03,26819339.0,927211597.58,-3.98
2026-08-11,34.58,35.7,33.32,35.06,31561162.0,1094067680.73,3.03
2026-08-12,36.9,37.37,34.54,34.62,40163057.0,1440146816.38,-1.25
2026-08-13,35.97,36.2,34.39,34.4,35176583.0,1239622784.92,-0.64
2026-08-14,34.58,36.18,33.88,35.62,38760768.0,1359146329.92,3.55
2026-08-17,35.39,36.4,34.5,36.34,37435050.0,1334840295.38,2.02
2026-08-18,35.8,35.8,34.57,35.0,27896646.0,984542378.95,-3.69
2026-08-19,33.98,34.14,32.36,32.5,24454389.0,812986162.3,-7.14
2026-08-20,32.97,33.02,32.08,32.36,16128072.0,525896107.74,-0.43
2026-08-21,32.1,32.73,31.42,32.63,14263983.0,459585532.26,0.83
2026-08-24,32.58,32.58,29.54,30.0,25740744.0,802467694.2,-8.06
2026-08-25,29.3,30.03,28.8,29.75,14378366.0,423730446.02,-0.83
2026-08-26,29.98,29.98,29.23,29.37,11197143.0,331883318.52,-1.28
2026-08-27,29.66,30.31,29.53,30.24,14795032.0,442889282.92,2.96
2026-08-28,30.3,31.22,29.95,29.95,17254380.0,523756704.9,-0.96
2026-08-31,29.3,31.12,29.14,31.06,16843970.0,507929915.35,3.71
2026-09-01,31.15,31.76,30.45,30.9,15522430.0,482204287.95,-0.52
2026-09-02,30.6,30.89,29.98,30.54,12681443.0,386815715.11,-1.17
2026-09-03,30.57,30.85,29.92,30.23,12677432.0,385298852.06,-1.02
2026-09-04,30.98,31.33,29.64,29.84,16863265.0,513444261.09,-1.29
2026-09-07,30.2,30.23,29.65,29.94,11168261.0,335103671.31,0.34
2026-09-08,29.82,30.4,29.32,29.46,11249206.0,334663878.5,-1.6
2026-09-09,29.8,30.19,29.23,29.59,9585365.0,284709303.91,0.44
2026-09-10,29.25,29.55,28.81,29.25,8165842.0,238565074.03,-1.15
2026-09-11,29.0,29.14,27.93,28.5,13855064.0,396843670.62,-2.56
2026-09-14,28.25,28.76,28.02,28.68,8858282.0,251818811.55,0.63
2026-09-15,28.7,28.99,28.12,28.13,8394264.0,239110610.04,-1.92
2026-09-16,28.29,28.93,27.8,28.72,9672338.0,275032931.03,2.1
2026-09-17,28.67,29.45,28.5,28.65,8517672.0,245458012.86,-0.24
2026-09-18,29.21,29.95,28.91,29.71,15111854.0,444968541.03,3.7
2026-09-21,29.93,30.3,29.68,29.9,11869480.0,355520599.7,0.64
2026-09-22,31.0,31.87,30.43,30.83,25179600.0,781385937.0,3.11
2026-09-23,30.83,30.92,30.11,30.21,12310054.0,375672072.95,-2.01
2026-09-24,30.01,30.45,29.65,29.65,8581733.0,256937086.02,-1.85
2026-09-28,29.5,30.48,28.2,28.34,10465819.0,304869307.47,-4.42
2026-09-29,28.21,28.9,28.2,28.55,7982163.0,227212269.79,0.74
2026-09-30,28.99,29.16,27.99,28.0,9397525.0,268158375.87,-1.93
